Function: f(x) = x³ - 4x - 9
Interval: [2, 3]
Tolerance: 0.0001
guess a	guess b	midpoint c	f(a)	f(b)	f(c)	error
2.000000	3.000000	2.500000	-9.000000	6.000000	-3.375000	1.000000
2.500000	3.000000	2.750000	-3.375000	6.000000	0.796875	0.500000
2.500000	2.750000	2.625000	-3.375000	0.796875	-1.412109	0.250000
2.625000	2.750000	2.687500	-1.412109	0.796875	-0.339111	0.125000
2.687500	2.750000	2.718750	-0.339111	0.796875	0.220917	0.062500
2.687500	2.718750	2.703125	-0.339111	0.220917	-0.061077	0.031250
2.703125	2.718750	2.710938	-0.061077	0.220917	0.079423	0.015625
2.703125	2.710938	2.707031	-0.061077	0.079423	0.009049	0.007812
2.703125	2.707031	2.705078	-0.061077	0.009049	-0.026045	0.003906
2.705078	2.707031	2.706055	-0.026045	0.009049	-0.008506	0.001953
2.706055	2.707031	2.706543	-0.008506	0.009049	0.000270	0.000977
2.706055	2.706543	2.706299	-0.008506	0.000270	-0.004118	0.000488
2.706299	2.706543	2.706421	-0.004118	0.000270	-0.001924	0.000244
2.706421	2.706543	2.706482	-0.001924	0.000270	-0.000827	0.000122
2.706482	2.706543	2.706512	-0.000827	0.000270	-0.000278	0.000061
2.706512	2.706543	2.706528	-0.000278	0.000270	-0.000004	0.000031